0.314159 0.122611 0.106168
0.628319 0.058777 0.024797
0.942478 0.039397 0.008900
1.256637 0.029359 0.003888
1.570796 0.023492 0.003731
1.884956 0.019525 0.006075
2.199115 0.017685 0.007597
2.513274 0.014587 0.012891
2.827433 0.014735 0.017557
3.141593 0.012539 0.016697
3.455752 0.012871 0.025561
3.769911 0.011215 0.030051
4.084070 0.011588 0.040279
4.398230 0.009816 0.051443
4.712389 0.010715 0.061211
5.026548 0.009012 0.091678
5.340708 0.010336 0.142447
5.654867 0.009365 0.201017
5.969026 0.011979 0.418995
6.283185 0.017326 1.245266
6.597345 0.014259 0.856981
6.911504 0.007908 0.113521
7.225663 0.006951 0.091125
7.539822 0.006163 0.112981
7.853982 0.007007 0.116457
8.168141 0.006600 0.227526
8.482300 0.007338 0.323018
8.796459 0.010567 0.873145
9.110619 0.013351 1.378578
9.424778 0.008025 0.348280
9.738937 0.005740 0.098228
10.053096 0.004833 0.111629
10.367256 0.005694 0.116058
10.681415 0.005240 0.203912
10.995574 0.005683 0.168375
11.309734 0.005765 0.208217
11.623893 0.005726 0.277038
11.938052 0.006504 0.425954
12.252211 0.006312 0.744856
12.566371 0.009615 1.452421
12.880530 0.009715 1.567474
13.194689 0.004904 0.444158
13.508848 0.006883 0.564318
13.823008 0.007616 1.409615
14.137167 0.013025 4.218839
14.451326 0.012690 4.315341
14.765485 0.006566 0.834040
15.079645 0.004025 0.222383
15.393804 0.003804 0.197370
15.707963 0.004238 0.286616
16.022123 0.003924 0.263961
16.336282 0.004332 0.275539
16.650441 0.004198 0.350600
16.964600 0.004464 0.463595
17.278760 0.004641 0.449607
17.592919 0.005506 1.058247
17.907078 0.007290 1.932185
18.221237 0.006611 1.443646
18.535397 0.003914 0.743343
18.849556 0.006673 1.750160
19.163715 0.006435 1.744764
19.477874 0.003957 0.835917
19.792034 0.007106 2.475318
20.106193 0.009753 5.179298
20.420352 0.006712 2.103049
20.734512 0.003336 0.411547
21.048671 0.003138 0.320510
21.362830 0.003598 0.588203
21.676989 0.003833 0.615156
21.991149 0.004184 0.786716
22.305308 0.004560 1.367469
22.619467 0.006705 2.815814
22.933626 0.009007 5.888860
23.247786 0.005658 1.947203
23.561945 0.003277 0.418752
23.876104 0.003516 0.736900
24.190263 0.003565 0.660480
24.504423 0.003462 0.824000
24.818582 0.005246 2.166190
25.132741 0.006377 3.288218
25.446900 0.004583 1.774894
25.761060 0.006991 4.398670
26.075219 0.007582 5.397521
26.389378 0.003724 0.820757
26.703538 0.005213 2.198718
27.017697 0.004535 1.665650
27.331856 0.002722 0.602459
27.646015 0.003847 1.124670
27.960175 0.005923 3.636214
28.274334 0.007067 5.282476
28.588493 0.003802 1.188752
28.902652 0.002850 0.504808
29.216812 0.003104 0.777969
29.530971 0.003300 0.809585
29.845130 0.003509 1.055793
30.159289 0.003980 1.595816
30.473449 0.004200 2.463176
30.787608 0.006020 4.506520
31.101767 0.006300 5.730241
31.415927 0.008310 10.022022
31.730086 0.009357 13.359792
32.044245 0.004926 3.364191
32.358404 0.002644 0.973508
32.672564 0.002408 0.676829
32.986723 0.003559 1.721701
33.300882 0.005313 4.447181
33.615041 0.005914 5.106794
33.929201 0.002916 0.967549
34.243360 0.002724 0.828299
34.557519 0.002602 0.736640
34.871678 0.003194 1.635212
35.185838 0.004413 3.345891
35.499997 0.004657 3.134529
35.814156 0.003642 2.687009
36.128316 0.005934 6.508197
36.442475 0.006882 9.767236
36.756634 0.003770 3.340204
37.070793 0.005038 4.907169
37.384953 0.004491 3.576884
37.699112 0.002283 0.997118
38.013271 0.002475 1.026259
38.327430 0.003899 3.012840
38.641590 0.005432 6.105148
38.955749 0.004300 3.548131
39.269908 0.002607 1.609016
39.584067 0.004960 5.657998
39.898227 0.004814 4.652482
40.212386 0.002496 1.242440
40.526545 0.002485 1.276509
40.840704 0.004320 4.392200
41.154864 0.005452 6.846565
41.469023 0.002916 2.387220
41.783182 0.003324 2.692737
42.097342 0.004493 4.815059
42.411501 0.004225 3.938721
42.725660 0.002571 1.738175
43.039819 0.002551 1.816314
43.353979 0.004649 5.621281
43.668138 0.006452 11.779131
43.982297 0.004474 5.882515
44.296456 0.003587 3.950972
44.610616 0.003678 3.077054
44.924775 0.003069 1.930542
45.238934 0.002715 2.171457
45.553093 0.004361 5.087630
45.867253 0.005331 8.066626
46.181412 0.002659 2.273948
46.495571 0.002938 2.350556
46.809731 0.004552 6.431170
47.123890 0.004596 6.035878
47.438049 0.003473 3.838978
47.752208 0.004432 5.722701
48.066368 0.003161 3.565416
48.380527 0.005720 10.965023
48.694686 0.005872 12.239935
49.008845 0.002986 2.974147
49.323005 0.002223 2.135543
49.637164 0.002657 2.331056
49.951323 0.003627 4.991911
50.265482 0.004478 7.028697
50.579642 0.003041 3.469427
50.893801 0.003308 4.571404
51.207960 0.004744 9.113444
51.522120 0.006411 19.250684
51.836279 0.005807 13.683360
52.150438 0.003002 4.075007
52.464597 0.003990 6.533618
52.778757 0.006105 16.643708
53.092916 0.004624 8.725180
53.407075 0.002453 2.520269
53.721234 0.002291 2.540100
54.035394 0.003544 5.557525
54.349553 0.004713 9.450561
54.663712 0.003576 6.142093
54.977871 0.004057 8.267865
55.292031 0.005025 12.878515
55.606190 0.005769 16.989737
55.920349 0.004801 11.016871
56.234508 0.002775 4.080587
56.548668 0.005233 13.439293
56.862827 0.005752 17.053365
57.176986 0.002902 4.076758
57.491146 0.002173 3.133151
57.805305 0.003000 4.522253
58.119464 0.004274 8.664916
58.433623 0.004486 12.336113
58.747783 0.004806 13.985201
59.061942 0.004922 14.241767
59.376101 0.004417 10.648646
59.690260 0.003573 6.124579
60.004420 0.002499 3.779102
60.318579 0.005271 15.608036
60.632738 0.003250 5.806189
60.946897 0.002342 3.999224
61.261057 0.002943 4.748217
61.575216 0.004320 10.934253
61.889375 0.005359 19.190840
62.203535 0.006285 26.581382
62.517694 0.005620 20.138965
62.831853 0.003653 9.342070
63.146012 0.004424 12.227670
63.460172 0.003415 7.296557
63.774331 0.003091 5.305067
64.088490 0.002594 5.490908
64.402649 0.003908 9.493983
64.716809 0.005834 23.838082
65.030968 0.004111 12.567044
65.345127 0.004419 14.396165
65.659286 0.006224 29.015851
65.973446 0.005334 20.655841
66.287605 0.003324 8.839683
66.601764 0.003132 7.339527
66.915924 0.004335 13.090669
67.230083 0.004823 16.302681
67.544242 0.003118 8.489842
67.858401 0.004170 11.784352
68.172561 0.004983 19.872788
68.486720 0.008552 59.595463
68.800879 0.009877 82.237723
69.115038 0.006071 32.623915
69.429198 0.005163 20.836942
69.743357 0.004892 18.117610
70.057516 0.004211 16.452970
70.371675 0.004121 16.065016
70.685835 0.004423 17.579782
70.999994 0.005824 30.214114
71.314153 0.007753 52.769260
71.628313 0.007491 49.865125
71.942472 0.004803 21.598369
72.256631 0.003609 12.185897
72.570790 0.004593 17.147696
72.884950 0.003028 9.552866
73.199109 0.002964 9.222357
73.513268 0.003953 12.409301
73.827427 0.004351 17.585402
74.141587 0.005347 28.008838
74.455746 0.006318 37.762257
74.769905 0.004950 22.266797
75.084064 0.002978 8.411108
75.398224 0.004027 13.882068
75.712383 0.003826 13.550723
76.026542 0.003420 9.598445
76.340701 0.003238 9.192310
76.654861 0.003646 12.403104
76.969020 0.006071 36.303633
77.283179 0.003986 14.881293
77.597339 0.002777 7.928735
77.911498 0.004467 19.614755
78.225657 0.003790 14.541318
78.539816 0.002446 6.673955
